01094400
01094500
01095220
01095375
01095434
01095503
01096000
01096500
01097000
01097300
01098500
01098530
01099500
01100000
01100500
01100561
01100568
01100600
01100627
01100693
01100870
01101000
01101500
01102000
01102345
01102500
01103025
01103050
01103280
01103455
01103500
01104000
01104200
01104370
01104410
01104415
01104420
01104430
01104455
01104460
01104475
01104480
01104500
01104501
01104683
01104705
01104715
01105000
01105500
01105554
01105583
01105584
01105585
01105600
01105606
01105607
01105608
01105638
01105730
01105870
01105876
01105880
01105917
01105933
01108000
01108410
01109000
01109060
01109070
01109403
01109730
01110000
01110500
01111212
01111300
01111500
01112500
01113895
01114000
01114500
01115098
01115110
01115114
01115170
01115183
01115184
01115185
01115187
01115190
01115265
01115275
01115276
01115278
01115280
01115297
01115500
01115630
01116000
01116500
01116905
01117000
01117350
01117370
01117420
01117430
01117468
01117500
01117800
01118000
01118500
01123360
01123600
01162000
01162500
01163200
01166500
01168250
01168500
01169000
01169900
01170000
01170100
01161280
01170500
01171000
01171100
01171500
01172010
01172500
01173000
01173500
01174500
01174565
01175500
01175670
01176000
01177000
01179500
01181000
01183500
01185500
01197000
01197145
01197500
01198000
01198125
01331500
01332500
01333000